[about_horoscope.jpg]
filters=Invert=1;sat=1,0.161800;warm=1;glow2=1,0.650000,3.000000;finetune2=1,0.192982,0.022456,0.000000,00000000,0.625731;finetune2=1,0.000000,0.000000,0.000000,00000000,1.000000;finetune2=1,0.000000,0.000000,0.000000,00000000,-0.005848;Vignette=1,35.000000,1.400000,0.000000,00000000;sat=1,0.161800;
moddate=0000243101da37bd
width=637
height=273
textactive=0
[learn_planets.jpg]
filters=crop64=1,cd179fffffd9b1;
crop=rect64(cd179fffffd9b1)
moddate=0000ed7801da17c6
width=640
height=401
textactive=0
